0000011110000111111101111100110111000000111100000011100111111111000011011100001101111000110011111111
0000111100001111111001111011111110000011111000001111100000111110000011111000001101110001110011111110
0000011000000011100000001111000001111100000110111000111001100011100111011111111101111111111110000011
0101111111111111111111111111110000111000000011100000001110000000111000000011100000001110000000111000
0111111100111111111111110001111111000111111100011111111111111111111110111100000011110000001111000000
1111111100111111111011110001111111000111111101111111111111111111001111111100001111110001111111111111
0111000001111110000111111100011111110001111011100111101111011110011111111000111111100011111110000111
0000011110000111111100111111110111100000111100000011110000001111000000111110000001111100010011111111
0000011111000001111100000111110000011111000001111100000111110000011111000001111101111111111111111111
0111000011111100011111110011111111011110111111110011111110001111111100111101111011110011101111000111
0011111111111111111111111111111111111111111111111111111111111111111111111111111111111111111111111111
0000011100001111111101111111111111100000011111000000111111100000011111000000111101000001111111111111
0111111110111111111101111111110000011110000011111000011111000001111000001111000011111000001111111111
0111111000011111111011110111110111000111011100111101111111100111111100011100111001110011110111000111
0110000011011100001101110001110111000111010110010101011011010101101101010011100101001110010100111001
0000111000000011110000011111000001111100000110110000111011100011001110011111111101111111111110000011
0011111111111111111111111111111111100000111110000011111111111111100000111110000011111000001111111111
0000011000001111111111111111111111100000011111100000111111110000111111000000011111100011111111111110
0000001100000111111100111111110111100000011100000011110000000111000000011100000001111100110011111111
0000111100001111111101111001110111000011011000001111100000110110000011011100001101110000110011111111
0111110000111111111011111111111110000111111000001111100000111110000011111000001111100001111111111111
0100010001110001100101101110010110111001011011100101101010110010101011001110111000111011100011100110
0110000011111000001111100000111110000011111100011111111111111111111111111000001111100000111110000011
0111111111111111111101111111110000111000000011100000001110000000111000000011100000001110000000111000
0111110000111111111011110111111111000111111100001111110000111111000011111100011111110001111111111110
0110000011111000001111100000111110000011111111111111111111111111111111111000001111100000111110000011
0111100000111110000011111000001111100000111110000011111000001111100000111110000011111000001111111111
0110000011111100001111110000111111000011111111111111111111111111111111111100001111110000111111000011
0111111100111111111111110111111111000111111100011111111111111111111110111100000011110000001111000000
0111110000111111111011110111111111000111111100001111110000111111000011111100001111110001111111111111
0110000011111000001111100000111110000011111111111111111111111111111111111000001111100000111110000011
0000111000001111111001111111110111000011011000001111100000111110000011111000001101110001110011111111
1111111111111111111111111111111111111111111111111111111111111111111111111111111111111111111111111111
0111111111111111111111111111101111100000111110000011111111111111111110111110000011111000001111111111
1110000001111100001101110000110111000011011110011100111001110011101110000111111000011111100000111100
0111110000111111111011110111111110000111111000001111100000111110000011111000011111100011111111111110
0011111111111111111111111111111111111111111111111111111111111111111111111111111111111111111111111111
0000011100000111111100111111111111100000111100000011110000001111000000111100000001111100010011111111
0000111000001111111001111111110111000011011000001111100000111110000011111000001101110001110011111110
0100010001110001100101001110010110111001011011101101101011110110101111001110111100111011110011101110
1110000011111000001111100000111110000011111111111111111111111111000111111000001111100000111110000011
0111111111111111111111111000001111100000111111111011111111111111100000111110000011111000001111111111
0111111111111111111100000011110000011111000011111000001111000001111000001111000001111000001111111111
0000111100001111111001111011110111000011011000001111100000110110000011011100001101110001110011111110
0000111100001111111001111011111110000011111000001111100000111110000011111000001101110001110011111110
0110000011111100001111110000111111000011111111111111111111111111100011111100001111110000111111000011
1111111100111111111011110011111111000111111100111111111111001111111100111100111011110011111111000111
0000011110000111111100111111110111000000011100000011110011110111000111011100001101111000110001111111
0111000011111100011101110011110111011110111111110001111110000111111100011101111001110011111111000111
0111111100111111111111110011111111000111111100011111111111111111111110111100000011110000001111000000
1111111111111111111111111111111111111111111111111111111111111111111111111111111111111111111111111111
0000011100000111111100111111110111100000011100000011110011110111001111011100001101110000110011111111
0010000000111111111101111111110000111000000011100000001110000000111000000011100000001110000000111000
0001111110001111111100111111110011111111111111111111111111110011111111001111111100111111111111111111
0001111110001111111101111000111111100000011111100000111111110000111111000000011100000001111111111111
0111111000111111111011110011111111000111111100111111111111101111111100111100111011110011111111000111
0100011001010001100101101110010110111001011011100101101010110010101111001110111000111011100011100110
0110000001111100001111110000111111000011111100001111110000111111000011111100001101111001110011111111
0111000011011100011100111001110011111111000111111000011111000001111110001110111100111001110111000111
0000111000001111111001110001100110000111111000001111100000110110000111011100111000111111100000110111
0000011110000111111100111111110111100000111100000011110000001111000000111110000001111100010011111111
0110000011111100001111110000111111000011111111111111111111111111111111111100001111110000111111000011
0111111111011111111101111000000111100000011111111001111111110111111110011110000001111000000111111111
0000111000000111110000011111000001111100000110111000111011100011101110011111111101111111111110000011
0111100000111111111011111111111111000111111000001111100000111110000011111100001111110011111111111110
0110000011111100001111110000111111000011111100001111110000111111000011111100001101111001110011111111
0000001000000111111100111111110111100000111100000011110000001111000000111100000001111100110011111111
0111000011111100011111110011111111011100111111110011111110001111111100111101111011110011111111000111
0111111111111111111111111111111111100000111110000011111111111111111111111110000011111000001111100000
0111000011111100011101111001110011111111000111111000011111000000111100000011110000001110000000111100
0110000011011100001101110001110111000111010110010101011011010101101101010011100101001110010100111001
0000111000001111111001111111110111000011011000001111100000111110000011111000001101110001110011111111
0000001100000111111100111111110111000000111100000011100111111111001111111100001101111000110011111111
0011111000111111111011110011111111000111111100011111111111111111111110111100000011110000001111000000
0000011000001111111101111111111111100000111111000000111111100000111111000000111111000001111111111111
0000011100000111111101111111110111100000111100000011110000001111000000111100000001111101110011111111
0110000011111000001111100000111110000011111111111111111111111111111111111000001111100000111110000011
0011111111111111111100111111110011111111111111111111111111111111111111111111111100111111111111111111
0000011100000111111100111111110111100000011100000011110000001111000000011100000001111000010011111111
0111000011111100011111110011101111011110111111110011111110001111111100111101111011110011101111000111
1111111100111111111011110001111111000111111101111111111111111111011111111100001111110001111111111111
1111111111111111111111111111111111100000111110000011111111111111111111111110000011111000001111100000
0111000011111100011101111001110011111110000111111000011111000000111100000011110000001110000000111100
1110000011111000001111110001111111000111111110111111111111111110111111111011101111100100111110000011
0001111100011111111111110001111111000011011111000000111111100000011111110000011111110001110111111111
1100000001110000000111100000010110111011011011101101101110110111111111011110111100111011110011100110
0000111000000011100000001111000001111100000110111000111011100011101110001111111101111111111110000011
0011111111111111111111111111110000111000000011100000001110000000111000000011100000001110000000111000
0011111110111111111111111111111111000000111100000011111111111111111111111100000011110000001111111111
1111111110111111111111110001111111000011111100001111111111111111111110111100111111110001111111000011
1110000011111000001111110001111111000111111110111111111111111110111111111011101111100100111110000011
0011111110111111111111111111111111000000111100000011111111111111111111111100000011110000001111111111
0010000000011100000001110000000111000000011100000001110000000111000000011100000001110000000111111111
0001111100001111111101111001111110000011111000001111100000111110000011111000001101110001110011111111
1110000001111100001111111000111111100011111111001111111110111110011111111001111111100011111110000111
0110000011111100001100110001110011100110000111111000011111000000111100000011100000001110000000111000
0011111111111111111111111111110000111000000011100000001110000000111000000011100000001110000000111000
1111111110111111111111110001111110000111111100111111111111111111111111111000001111100001111111111111
1110000001111100001111111000111111100011111111001111111110111110011111111001111111100011111110000111
1111111111111111111111110000001111000000111111111111111111111111111111111100000011110000001111111111
1111111110111111111111110001111111000011111100011111111111111111111110111100000011110000001111000000
1111111111111111111111110000001111000000111111111111111111111111111111111100000011110000001111111111
1100000001110000000111100000010110111011011011101101101110110111111111011110111100111011110011100110
1111111110111111111111110001111111000011111100001111111111111111111110111100111111110001111111000011
1110000011111000001111110001111111000111111110111111111111111110111111111011101111100100111110000011
0000011000000011100000001111000001111100000110111000111011100011101110001111111101111111111110000011
1111111111111111111111110000001111000000111111111111111111111111111111111100000011110000001111111111
1111111110111111111111110001111111000011111100001111111111111111111110111100111111110001111111000011
1111111110111111111111110001111111000011111100001111111111111111111110111100111111110001111111000011
0110000000111100000011110000001111000000111100000011110000001111000000111100000011110000001111111111
1100000001110000000111100000010110111011011011101101101110110111111111011110111100111011110011100110
1111111110111111111111110001111111000011111100011111111111111111111110111100000011110000001111000000
0000011000000011100000001111000001111100000110111000111011100011101110001111111101111111111110000011
1111111110111111111111110001111111000011111100011111111111111111111110111100000011110000001111000000
0000011000000011100000001111000001111100000110111000111011100011101110001111111101111111111110000011
0110000011111100001100110001110011100110000111111000011111000000111100000011100000001110000000111000
0000011000000011100000001111000001111100000110111000111011100011101110001111111101111111111110000011
1110000001111100001111111000111111100011111111001111111110111110011111111001111111100011111110000111
0000011000000011100000001111000001111100000110111000111011100011101110001111111101111111111110000011
1111111110111111111111110001111111000011111100001111111111111111111110111100111111110001111111000011
0000011000000011100000001111000001111100000110111000111011100011101110001111111101111111111110000011
1110000001111100001111111000111111100011111111001111111110111110011111111001111111100011111110000111
0110000000111100000011110000001111000000111100000011110000001111000000111100000011110000001111111111
1111111111111111111111110000001111000000111111111111111111111111111111111100000011110000001111111111
1110000011111000001111110001111111000111111110111111111111111110111111111011101111100100111110000011
0001111100001111111101111001111110000011111000001111100000111110000011111000001101110001110011111111
1110000001111100001111111000111111100011111111001111111110111110011111111001111111100011111110000111
0000011000000011100000001111000001111100000110111000111011100011101110001111111101111111111110000011
1110000001111100001111111000111111100011111111001111111110111110011111111001111111100011111110000111
1111111111111111111111110000001111000000111111111111111111111111111111111100000011110000001111111111
1111111110111111111111110001111111000011111100011111111111111111111110111100000011110000001111000000
1111111111111111111111110000001111000000111111111111111111111111111111111100000011110000001111111111
1100000001110000000111100000010110111011011011101101101110110111111111011110111100111011110011100110
0110000000111100000011110000001111000000111100000011110000001111000000111100000011110000001111111111
1111111111111111111111110000001111000000111111111111111111111111111111111100000011110000001111111111
0000011000000011100000001111000001111100000110111000111011100011101110001111111101111111111110000011
1111111110111111111111110001111111000011111100011111111111111111111110111100000011110000001111000000
1111111110111111111111110001111111000011111100001111111111111111111110111100111111110001111111000011
0000111100001111111111111111111111111111111111111111111111111111111111111111111111111111111111111111
0000011000000011100000001111000001111100000110111000111011100011101110001111111101111111111110000011
1111111110111111111111110001111110000111111100111111111111111111111111111000001111100001111111111111
1111111110111111111111110001111111000011111100011111111111111111111110111100000011110000001111000000
1111111110111111111111110001111111000011111100001111111111111111111110111100111111110001111111000011
1111111110111111111111110001111110000111111100111111111111111111111111111000001111100001111111111111
1111111110111111111111110001111110000111111100111111111111111111111111111000001111100001111111111111
0000111100001111111111111111111111111111111111111111111111111111111111111111111111111111111111111111
0110000000111100000011110000001111000000111100000011110000001111000000111100000011110000001111111111
1111111110111111111111110001111110000111111100111111111111111111111111111000001111100001111111111111
1111111110111111111111110001111110000111111100111111111111111111111111111000001111100001111111111111
1100000001110000000111100000010110111011011011101101101110110111111111011110111100111011110011100110
1111111110111111111111110001111110000111111100111111111111111111111111111000001111100001111111111111
1111111110111111111111110001111111000011111100001111111111111111111110111100111111110001111111000011
0110000000111100000011110000001111000000111100000011110000001111000000111100000011110000001111111111
0000011000000011100000001111000001111100000110111000111011100011101110001111111101111111111110000011
0110000011111100001100110001110011100110000111111000011111000000111100000011100000001110000000111000
1110000111111100111111111111101111111100111111000011111000001111110000111111110011111111101111001111
1111111111111111111111110000001111000000111111111111111111111111111111111100000011110000001111111111
1110000011111000001111110001111111000111111110111111111111111110111111111011101111100100111110000011
1111111110111111111111110001111111000011111100011111111111111111111110111100000011110000001111000000
1110000011111000001111110001111111000111111110111111111111111110111111111011101111100100111110000011
0000011000000011100000001111000001111100000110111000111011100011101110001111111101111111111110000011
1100000001110000000111100000010110111011011011101101101110110111111111011110111100111011110011100110
0110000000111100000011110000001111000000111100000011110000001111000000111100000011110000001111111111
1111111110111111111111110001111111000011111100001111111111111111111110111100111111110001111111000011
0000011000000011100000001111000001111100000110111000111011100011101110001111111101111111111110000011
1111111110111111111111110001111111000011111100001111111111111111111110111100111111110001111111000011
1111111110111111111111110001111110000111111100111111111111111111111111111000001111100001111111111111
0001111100001111111101111001111110000011111000000111100000001110000000111000001101110000110011111111
1111111110111111111111110001111111000011111100001111111111111111111110111100111111110001111111000011
1111111111111111111111110000001111000000111111111111111111111111111111111100000011110000001111111111
1111111110111111111111110001111111000011111100011111111111111111111110111100000011110000001111000000
1111111110111111111111110001111111000011111100001111111111111111111110111100111111110001111111000011
1110000001111100001111111000111111100011111111001111111110111110011111111001111111100011111110000111
1111111110111111111111110001111111000011111100001111111111111111111110111100111111110001111111000011
1111111111111111111111110000001111000000111111111111111111111111111111111100000011110000001111111111
1111111110111111111111110001111111000011111100001111111111111111111110111100111111110001111111000011
1111111110111111111111110001111111000011111100001111111111111111111110111100111111110001111111000011
0001111100001111111101111001111110000011111000000011100111111110001111111000001101110000110011111111
1111111110111111111111110001111111000011111100001111111111111111111110111100111111110001111111000011
0000011000000011100000001111000001111100000110111000111011100011101110001111111101111111111110000011
1111111110111111111111110001111111000011111100001111111111111111111110111100111111110001111111000011
0110000011111100001100110001110011100110000111111000011111000000111100000011100000001110000000111000
0000011000000011100000001111000001111100000110111000111011100011101110001111111101111111111110000011
0110000011111100001100110001110011100110000111111000011111000000111100000011100000001110000000111000
0000011000000011100000001111000001111100000110111000111011100011101110001111111101111111111110000011
0001111100001111111101111001111110000011111000001111100000111110000011111000001101110001110011111111
0000011000000011100000001111000001111100000110111000111011100011101110001111111101111111111110000011
1110000001111100001111111000111111100011111111001111111110111110011111111001111111100011111110000111
0110000000111100000011110000001111000000111100000011110000001111000000111100000011110000001111111111
0000011000000011100000001111000001111100000110111000111011100011101110001111111101111111111110000011
1110000011111000001111110001111111000111111110111111111111111110111111111011101111100100111110000011
0110000000111100000011110000001111000000111100000011110000001111000000111100000011110000001111111111
0110000011111100001100110001110011100110000111111000011111000000111100000011100000001110000000111000
0110000011111100001100110001110011100110000111111000011111000000111100000011100000001110000000111000
0000011000000011100000001111000001111100000110111000111011100011101110001111111101111111111110000011
1111111110111111111111110001111111000011111100001111111111111111111110111100111111110001111111000011
1110000001111100001111111000111111100011111111001111111110111110011111111001111111100011111110000111
1111111111111111111111110000001111000000111111111111111111111111111111111100000011110000001111111111
1111111110111111111111110001111111000011111100001111111111111111111110111100111111110001111111000011
1110000111111100111111111111101111111100111111000011111000001111110000111111110011111111101111001111
0000111100001111111111111111111111111111111111111111111111111111111111111111111111111111111111111111
1100000001110000000111100000010110111011011011101101101110110111111111011110111100111011110011100110
0000111100001111111111111111111111111111111111111111111111111111111111111111111111111111111111111111
1111111110111111111111110001111110000111111100111111111111111111111111111000001111100001111111111111
1111111111111111111111110000001111000000111111111111111111111111111111111100000011110000001111111111
1111111110111111111111110001111110000111111100111111111111111111111111111000001111100001111111111111
0000011000000011100000001111000001111100000110111000111011100011101110001111111101111111111110000011
0000011000000011100000001111000001111100000110111000111011100011101110001111111101111111111110000011
0000011000000011100000001111000001111100000110111000111011100011101110001111111101111111111110000011
1110000001111100001111111000111111100011111111001111111110111110011111111001111111100011111110000111
0000011000000011100000001111000001111100000110111000111011100011101110001111111101111111111110000011
0000011000000011100000001111000001111100000110111000111011100011101110001111111101111111111110000011
1111111110111111111111110001111111000011111100011111111111111111111110111100000011110000001111000000
1111111110111111111111110001111111000011111100001111111111111111111110111100111111110001111111000011
0011111111111111111111111111110000111000000011100000001110000000111000000011100000001110000000111000
0110000011111100001100110001110011100110000111111000011111000000111100000011100000001110000000111000
1111111110111111111111110001111111000011111100001111111111111111111110111100111111110001111111000011
1111111110111111111111110001111111000011111100001111111111111111111110111100111111110001111111000011
1111111111111111111111110000001111000000111111111111111111111111111111111100000011110000001111111111
1111111110111111111111110001111110000111111100111111111111111111111111111000001111100001111111111111
1111111110111111111111110001111111000011111100011111111111111111111110111100000011110000001111000000
0001111100011111111111110001111111000011011111000000111111100000011111110000011111110001110111111111
0000011000000011100000001111000001111100000110111000111011100011101110001111111101111111111110000011
1111111110111111111111110001111111000011111100001111111111111111111110111100111111110001111111000011
1110000001111100001111111000111111100011111111001111111110111110011111111001111111100011111110000111
1110000001111100001111111000111111100011111111001111111110111110011111111001111111100011111110000111
1100000001110000000111100000010110111011011011101101101110110111111111011110111100111011110011100110
0110000011111100001100110001110011100110000111111000011111000000111100000011100000001110000000111000
1111111110111111111111110001111111000011111100001111111111111111111110111100111111110001111111000011
1111111110111111111111110001111111000011111100001111111111111111111110111100111111110001111111000011
1111111111111111111111110000001111000000111111111111111111111111111111111100000011110000001111111111
1111111110111111111111110001111110000111111100111111111111111111111111111000001111100001111111111111
1111111111111111111111110000001111000000111111111111111111111111111111111100000011110000001111111111
1110000001111000001111100000111110000011111000001111100000111110000011111100001111110001110111111111
0110000000111100000011110000001111000000111100000011110000001111000000111100000011110000001111111111
1111111110111111111111110001111110000111111100111111111111111111111111111000001111100001111111111111
0110000000111100000011110000001111000000111100000011110000001111000000111100000011110000001111111111
0001111100001111111101111001111110000011111000000011100111111110001111111000001101110000110011111111
0000111100001111111111111111111111111111111111111111111111111111111111111111111111111111111111111111
0011111111111111111111111111110000111000000011100000001110000000111000000011100000001110000000111000
0110000011111100001100110001110011100110000111111000011111000000111100000011100000001110000000111000
1111111110111111111111110001111111000011111100011111111111111111111110111100000011110000001111000000
0000011000000011100000001111000001111100000110111000111011100011101110001111111101111111111110000011
0011111111111111111111111111110000111000000011100000001110000000111000000011100000001110000000111000
1111111111111111111111110000001111000000111111111111111111111111111111111100000011110000001111111111
0000011000000011100000001111000001111100000110111000111011100011101110001111111101111111111110000011
1111111111111111111111110000001111000000111111111111111111111111111111111100000011110000001111111111
1111111110111111111111110001111111000011111100011111111111111111111110111100000011110000001111000000
0000011000000011100000001111000001111100000110111000111011100011101110001111111101111111111110000011
0001111100001111111101111001111110000011111000000111100000001110000000111000001101110000110011111111
1111111111111111111111110000001111000000111111111111111111111111111111111100000011110000001111111111
0110000001111100001101111011110111111111000111111000011111100000111100000011110000001111000000111100
0000010000000011110000111111110011111111011100011111110000111111000011011100011101111111110011111110
0111111111111111111101111111110000111100000011110000001111000000111100000011110000001111000000111100
0111111100111111111111111111111111001111111111111111111111111111111110111111000011110000001111000000
0111111111111111111111111111111111000000111111111111111111111111111110111100000011111111111111111111
0000010000000111111001111111111111111111111111100000111111110001111111011000011111111001110111111111
0000000000000011110000111111110111111111011100001111110000111111000011011100001101111111110011111111
0111111100111111111111111111111111001111111111111111111111111111111110111111000011110000001111000000
0000011100000111111100111111110111111111111100000011110000001111000000011110000101111111110011111111
0000011100000111111100111111110111111111111100000011110000001111000000011110000101111111110001111111
0110000011111100011111111011110111111111000111111000011111000011111110001111111111111011111111100111
0100000001110000000111100100111110110011011011101101101111110011111110001111111000111011100011101100
0000000000000111110000111111110111111111011100001111110000111111000011011100001101111111110011111111
0110000011111100001111111011111111101111111111111111111111111111111011111101001111110000111110000011
0110000000111100000011110000001111000000111100000011110000001111000000111100000011111111111111111111
0011111110011111111111111111111111111111111111110011111111111111111111111100000011111111101111111111
0110000011011100001111110000111111000011111100001111110000111111000011011110011100111111110011111111
0001111000011111111011111111111111111111111110011111111111111111111111111110111111111001110111100011
0011111110111111111111111111111111111111111111110011111111111111111111111100000011111111101111111111
0001000000111111110011111111101111111111111111111111111111111111111111111100011111111111111111111111
0111000001011110001111111000111111100011111111111111111111111111111111111110001111111000111111100011
0111000001011100001111110000111111000011111100001111110000111111000011011100011101111111110011111111
1111000000111100000011110000001111000000111100000011110000001111000000111100000011111111111111111111
0001111111111111111111111111111111111111111111111111111111111111111111111111111111111111111111111111
0011111111111111111111111111110111111111000011110000001111000000111100000011110000001111000000111100
0000111100000111111000111111110111111111011100001111110000111111000011011100001101111111110011111111
0001110000011111111011111111111111111111111110011111111111111111111111111110111111111001111111100111
0000011000000011110000011111000001111110001111111100111111110111111111011111111111111111111111000111
0001100000011111100011111111111111111111111100011111110001111111000111111100111111111111111111111110
0000111000000111111000111111110111111111111100001111110000111111000011011100001101111111110011111111
0000011000000011110000001111000001111110000111111000111111110111111111011111111111111111111111100111
0011111110111111111111111111111111111110111111111011111111111111111111111100000011110000001111000000
0011111111111111111111111111110011111111000001111100001111000001111000001111000001111111111111111111
0000011000000011110000001111000001111110000111111000111111110111111111011111111111111111111111100111
0111000011011100001111110000111111000011111100001111110000111111000011011110011100111111110011111111
0000011100000111111100111111110111110111111100111111110111111111011111011110001101111111110001111111
0000110000000111110001111111101111000111111000011111100001111111000111011111111000111111110001111111
0011111000011111111011111111111111111111111110011111111111111111111111111110011111111001111111100011
0000111000000111110001111111101111000111111000011111100001111111000111011111111000111111110001111111
0000011100000111111100111111110111110111111100111111110111111111011111011110001101111111110001111111
0111000011111110001111111001111111110111111111011111111111111111111111111101111111110011111111001111
0111111110111111111111111111111111111110111111111011111111111111111111111111111011110000001111000000
0011100000111111110011111111111111111111111100011111110001111111000111111100111111111111111111111110
1111000011111110011111111011110111111111001111111100011111000001111110001111111001111111111111101111
0000111100000111111000111111110111111111111100001111110000111111000011011100011101111111110011111111
0000111110000111111100111111110111100011111100111111110111111111011111011110001101111111110001111111
1111000011111110001111111000111111110011111111101111111111111111111111111101111111110011111111001111
0110000000111100000011110000001111000000111100000011110000001111000000111100000011111111111111111111
0000111110000111111100111111110111100011111100000011110000001111000000011110001101111111110001111111
0111110000111111110011111111101111111111111111111111111111111111111111111100111111111111111111111111
0011111100011111111111111111111111111111111110111111111111111111111111111111111111111001111111100111
0000111110000111111100111111110111100011111100000011110000001111000000011110001101111111110001111111
0001111100111111111111111111111111111111111111111111111111111111111111111111111111111111111111111111
0011111111111111111111111111110001111111000001111000001111000001111000011111000001111111111111111111
0011111100011111111111111111111111111111111110111111111111111111111111111111111111111001111111100111
0111111110111111111111111111111111111110111111111011111111111111111111111100000011111111101111111111
0111111111111111111111111111111111111110111111111011111111111111111111111111110011110000001111000000
1111000011111100111111110111111111111111111111111011111111001111111110111111111011110111111111001111
0010000001011000001111111001111111101111111111111111111111111111111111111101101111110000111111000011
0000000001111100001111111011110111111111001111111100011111100000111100000011110000001111000000111100
0110000000111100000011111000001111000000111110000011111000001111100000111110000011111111111111111111
0010000001011100001111111001111111101111111111111111111111111111111111111101101111110000111111000011
0110000001111100001111111011110111111111001111111100011111100000111100000011110000001111000000111100
0000111100000111111000111111110111100111011100001111110000110111000011011100001100111111110011111111
0111111111111111111111111111111111100000111111111011111111111111111111111111110011110000001111000000
0110000000111100000011110000001111000000111100000011110000001111000000111100000011111111111111111111
0000010000000011100000001111000001111110001111111000111111110111111111011111111111111111111111100111
0110000011011000001111111001111111101111111111111111111111111111111111111101101111110000111111000011
0001111100111111111111111111111111111111111111111111111111111111111111111111111111111111111111111111
0110000001111100001111111001111111100111111111111111111111111111111111111101111111110011111111000111
0000111110000111111101111111110111100011111100111111110111111111011111111100001101111111110011111111
0000111100001111111000111111110111100111111100001111110000111111000011011100001100111111110011111111
0111111111111111111111111111111111100000111111111011111111111111111110111111100011110000001111000000
0000000000110000000111000000111110010011011011101101101110110111111110001111111000111011100011101110
0110000000111100000011110000001111000000111100000011110000001111000000111100000011111111111111111111
0111111111111111111111111111111111100000111111111011111111111111111110111110000011111111111111111111
0111111111111111111101111111110000011111000001111000001111100001111000001111000001111111111111111111
0110000011011000001101110000110111100111001110111100111011110001111110000111110000011111000000111100
0000001000000011111100111111110111111111111100000011110000001111000000111110000001111000110011111111
0000001000000011111100111111110111111111111100000011110111111111011111011110001101111000110011111111
0110000000111100000011110000001111000000111100000011110000001111000000111100000011111111111111111111
0111111110011111111111111111111111100111111111111111111111111111111111111111111111111001111111100111
0000000001110000000111000100111110010011011011101101101110110111111110001111111000111011100011101110
0111111000111111110011111111111111111111111100011111110001111111000111111100111111111111111111111111
0111111111111111111111111111111111100000111111111011111111111111111110111110000011110000001111000000
0111111111111111111101111111110000111100000011110000001111000000111100000011110000001111000000111100
0111111100111111111011111111111111001111111111111111111111111111111110111111100011110000001111000000
0110000001111100001111111001111111100111111111111111111111111111111111111101111111110011111111000111
0110000000111100000011110000001111000000111100000011110000001111000000111100000011111111111111111111
0110000001111100001111111001111111110111111111111111111111111111111111111101101111110000111111000011
0111111111111111111101111111110000111100000011110000001111000000111100000011110000001111000000111100
0110000011011100001111110000111111000011111100001111110000111111000011011100001101111111110011111111
0111111110011111111111111111111111100111111111111111111111111111111111111111111111111001111111100111
0110000011111100011111110111111111111111111111110011111111001111111110111111111111110011111111000111
0111111111111111111111111111111111000000111111111011111111111111111110111100000011111111111111111111
0110000011111100011111111011110111111111000111111000011111100000111100000011110000001111000000111100
0111111000111111111011111111111111111111111100011111110001111111000111111100111111111111111111111111
0110000011111100011111111011110111111111001111111000011111100000111100000011110000001111000000111100
0001111000001111111001111111101111000111111000011111100001111111000111011111111100111111110011111111
0111111111111111111111111111111111000000111111111011111111111111111110111100000011110000001111000000
0000011100000111111100111111110111111111111100000011110111111111011111111110001101111100110011111111
0111111111111111111111111111111111000000111111111011111111111111111110111100000011111111111111111111
0111000001011100001111110000111111000011111100001111110000111111000011111100011101111111110011111111
0110000011111100011111110111111111011111111111110011111111001111111110111111111111110011111111000111
0000011100000111111100111111110111111111111100000011100111111111011111111110001101111000110011111111
0111111110011111111111111111111111100111111111111111111111111111111111111110111111111001110111100011
0000000011000000011100000001110000000111000000011100000001110111000111011110011101111111110111111111
0000111000001111111101111111111111101111111111100000111111110001111111011000011111111011110111111111
1111111110111111111111111111111111001111111111111111111111111111111110111110000011110000001111000000
0111111111111111111111111111111111000000111111111111111111111111111110111100000011111111111111111111
1111000000111100000011110000001111000000111100000011110000001111000000111100000011111111111111111111
0001111111111111111111111111111111111111111111111111111111111111111111111111111111111111111111111111
0000011100000111111100111111110111111111111100000011110000001111000000011110000101111111110001111111
0000011000000011100000011111000001111110001111111100111111110111111111011111111111111111111111000111
0111000011111100001111111001111111110111111111111111111111111111011111111101111111110011111111000111
1111111111111111111101111111110000011111000001111000001111000011111000001111000011111111111111111111
0000011100000111111100111111110111111111111100000011100111111111011111011110001101111111110001111111
0111000001111100001101110001110111100111001111011100111111110001111111000011111000001111000000111100
0000111000000111110000111111110111111111011100001111110000111111000011011100001101111111110011111111
1110000011111100011111111011110111111111000111111000011111000000111100000011110000001111000000111100
0011111111111111111111111111110111111111000011110000001111000000111100000011110000001111000000111100
0111000011111100011111110111111111111111111111110011111111001111111110111111111111110011111111000111
0011110000111111111011111111111111111111111100111111111111111111111111111110000011110000001111000000
1100000001110000000111100100110110111011011011101101111111110011111110001111111000111011100011101100
0111000011111100011111110111111111111111111111110011111111001111111110111111111111110011111111000111
1111000000111100000011110000001111000000111100000011110000001111000000111100000011111111111111111111
0111000011111110001111111000111111110011111111111111111111111111011111111101111111110011111111000111
0000011100000111111100111111110111111111111100011011110111111111011111011110001101111111110001111111
0011111111111111111111111111110111111111000011110000001111000000111100000011110000001111000000111100
0000110000000111110001111111101111000111111000011111100001111111000111011111111000111111110001111111
0000011000000011110000011111000001111110001111111100111111110111111111011111111111111011111111000011
0111000001111100001111110000111111000011111100001111110000111111000011011100011101111111110011111111
0011100000111111110011111111101111111111111111111111111111111111111111111100111111111111111111111111
0011100000011111100011111111111111111111111100011111110001111111000111111100111111111111111111111110
1111000000111100000011110000001111000000111100000011110000001111000000111100000011111111111111111111
0011110000011111110011111111111111111111111110011111111001111111100111111110111111111111111111111110
0000111000000111111000111111110111101111011100001111110000110111000011011100011100111111110011111110
1111000011111110011101111111110111111111000111111000001111000000111100000011110000001111000000111100
0000010000000001100000001111000001111110000111111000111111110111111111011111111111111111111111100111
0000010000000001100000001111000001111110000111111000111111110111111111011111111111111111111111100111
0110000011111100001111111001111111111111111111111111111111111111111111111101101111110000111111000011
0000010000000001100000001111000001111110001111111000111111110111111111011111111111111111111111100111
0000111100001111111111111111111111100111111111110000111111110000111111111100011111111111110111111111
1111000011111110011111111011110111111111001111111100011111000001111110001111111101111111111111101111
0011111110111111111111111111111111111110111111111011111111111111111111111100000011111111101111111111
0111111000111111111011111111111111111111111100111111111111111111111110111111110011110000001111000000
1111000011111110011111111011110111111111001111111100011111000001111110001111111001111111111111101111
0000111110000111111101111111110111110111111100000011110000001111000000011110001101111111110001111111
1111000011111100011111110011111111111111111111111011111111001111111110111111111011110111111111001111
1111000011111110011111111011110111111111001111111000011111000001111110001111111001111111111111101111
0010000001011100001111110011111111111111111111111011111111001111111110111111111111111011111111001111
1111000011111110001111111000111111110011111111111111111111111111111111111101111111110011111111000111
0011000001011100001111110000111111000011111100001111110000111111000011011110011101111111110001111111
1100000001110000000111000000110110111011011011101101111111110111111110001111111000111011100011101110
0011111100011111111111111111110111111111011110111101111111111111111111011111111101111001110111100111
1111000011111110001111111001111111110111111111111111111111111111111111111101111111110011111111001111
0110000000111100000011110000001111000000111100000011110000001111000000111100000011111111111111111111
0110000000111100000011110000001111000000111100000011110000001111000000111100000011111111111111111111
0001111110001111111111111111111111100111011111110001111111110000111111000000011111111111111111111111
0000111100000111111000111111110111100111111100001111110000111111000011011100001100111111110011111111
0110000001111100011111110111111111011111111111111011111111001111111110111111111011110111111111001111
0110000001111100001111110111111111011111111111111011111111001111111110111111111011110111111111001111
0000111000001111110001111111101111000111111000011111100001111111000111011111111000111111110001111111
0000111000001111110001111111101111000111111000011111100001111111000111011111111000111111110001111111
0000010000000011100000011111000001111110001111111000111111110111111111011111111111111111111111100111
0110000001111100001111111011110111111111001111111100011111100000111100000011110000001111000000111100
0110000011011100001111111001111111101111111111111111111111111111111111111101101111110000111111000011
0110000000111100000011110000001111000000111100000011110000001111000000111100000011111111111111111111
0000111110000111111101111111110111100011111100000011110000001111000000111110000001111111110011111111
0111110000111111110011111111111111111111111100011111110001111111000111111100011111111111111111111111
0011111100011111111111111111111111101111111111111111111111111111111111111111111111111001111111100111
0011000001011100001111110000111111000011111100001111110000111111000011111100001101111111110011111111
1100000001110000000111000000110110111011011011101101111111110111111110001111111000111011100011101110
0111111111111111111111111111111111100000111111111011111111111111111111111110000011110000001111000000
0000111100001111111000111111110111100111111100001111110000111111000011011100001100111111110011111111
0111111111111111111111111111110000111100000011110000001111000000111100000011110000001111000000111100
0111111000111111110011111111101111011111111111111011111111111111111111111100111111111111111111111111
0001111100111111111111111111111111111111111111111111111111111111111111111111111111111111111111111111
0010000001011000001111111001111111101111111111111111111111111111111111111101101111110000111110000011
0000010000000011100000011111000001111110001111111000111111110111111111011111111111111111111111000111
0000011000000011110000001111000001111110001111111100111111110111111111011111111111111111111111100111
0111000000111100000011110000001111000000111100000011110000001111000000111100000011111111111111111111
0110000001111100011111110111111111111111111111110011111111001111111110111111111111110011111111000111
0111111111111111111111111111111111100000111111111011111111111111111110111110000011111111111111111111
0000011000000011110000011111000001111110001111111100111111110111111111011111111111111111111111000111
0000011000000011110000011111000001111110001111111100111111110111111111011111111111111111111111000111
0000000000000011110000111111110011111111011100001111110000111111000011011100001101111001110011111111
0110000011111100001111111001111111101111111111111111111111111111111111111101101111110000111110000011
0001111000001111111001111111101111000111111000011111100001111111000111011111111100111111110011111111
0000010000000111111001111111111111111111111111000001111111110001111111011000011111111001111111111111
0111111100111111111011111111111111001111111111111111111111111111111110111111100011110000001111000000
0000001100000011111100111111110111111111111100000011110000001111000000111110000001111000110011111111
0110000001111100001111111001111111100111111111111111111111111111111111111101111111110011111111000111
0000000001110000000111000100111110110011011011101101101111110111111110001111111000111011100011101110
0000001000000111111000111111110111111111111100000011100111111111011111111110001101111000110011111111
0100000001110000000111100100110110010011011011101101101110110011111110001111111000111011100011101110
0110000011011100001111111001111111101111111111111111111111111111111111111101001111110000111111000011
0000011100000111111100111111110111111111111100000011110111111111011111011110001101111101110001111111
0001111000001111111001111111111111000111111000011111100001111111000111011111111100111111110011111111
0001111111111111111111111111111111111111111111111111111111111111111111111111111111111111111111111111
0110000001111100001111111001111111110111111111111111111111111111011111111101111111110011111111000111
0110000011111100001111111001111111101111111111111111111111111111111011111101001111110000111111000011
1111111111111111111101111111110000111100000011110000001111000000111100000011110000001111000000111100
0110000011111100011111110111111111011111111111110011111111001111111110111111111111110011111111000111
1111111111111111111101111111110000111100000011110000001111000000111100000011110000001111000000111100
1111111000111111111011111111111111011111111111111011111111111111111111111100111111111111111111111111
0111111000111111111011111111111111011111111100011111110001111111000111111100111111111111111111111110
0111111000111111111011111111111111011111111100011111110001111111000111111100111111111111111111111110
0111111110011111111111111111111111100111111111111111111111111111111111111111111111111001111111100111
0001111111111111111111111111111111111111111111111111111111111111111111111111111111111111111111111111
0111000011011110011111111001111111100111111111111111111111111111111111111110011111111001110111100111
0011111111111111111111111111110111111111000011110000001111000000111100000011110000001111000000111100
0110000011111100001101111001110111100111001110111100111111100001111110000111110000001111000000111100
0111000000111100000011110000001111000000111100000011110000001111000000111100000011111111111111111111
0111000011111110011101111011110111111111000111111000011111000011111110001111111111111011111111100111
0110000011111100001111111011111111111111111111111111111111111111111011111101001111110000111111000011
0011111100111111111111111111111111111111111111110011111111111111111111111100000011110000001111000000
0000111100001111111101111111111111101111111111100000111111110001111111011000011111111011110111111111
0000111100000111111000111111110111111111011100001111110000111111000011011100001101111111110011111111
0110000011111100001111111011111111111111111111111111111111111111111011111101001111110000111111000011
1111000011111100011111111011110111111111000111111000011111000000111100000011110000001111000000111100
1111111111111111111101111111110000011111000001111000001111000011111000001111000011111111111111111111
0001111111111111111111111111111111111111111111111111111111111111111111111111111111111111111111111111
0111000011111100011111110111111111111111111111110011111111001111111110111111111111110011111111000111
0000000011000000001100000000110000000011000000001100000000110111000011111110001101111111110111111111
0111110000111111111011111111111111000111111100001111111111111111111111111111110011110000001111000000
0010000001011100001101111001110011111111000111111000001110000000111100000111111000111011111111000111
1111000011111100011111110001111111000111111100011111110001111111000111111100011111111111110111111111
0011111111011111111101111111110000111000000011100000001110000000111000000011100000001110000000111000
0000111110001111111111111111111111100000111111000001111111110000011111000000011101111111111111111111
0001111100111111111111111111111111111111111111111111111111111111111111111111111111111111111111111111
0110000011111100011111110001111111110111111111111111111111111111011111111101111111110001111111000111
0001111100111111111111111111111111111111111111111111111111111111111111111111111111111111111111111111
1111000011111100001111110000111111000111111100011111110001111111000111111100011111111111110011111111
0111110000111111111011111111111111000111111100011111111111111111111111111111110011110000001111000000
0011110000011111111011111111111111000111111110111111111111111111111110111111111011110011111111000111
0010000000111000001111110000110111100111001110011100011111110001111110000111111000001111000000111100
0000011100000011111100111111110111000000111100000011110011111111001111011100001100111111110011111111
0011110000111111110011111111111111001111111111111111111111111111111111111100011111110001111111111111
0011000010001100011000111001110011100111011110111101111111110111111111111111111111101110011110011001
0011110000011111110011111111111111000111111100011111110000111111000011111100011111110001111111111111
0011100000111111100011111111111111000111111100011111110001111111000111111100011111110011111111111110
0001111110111111111111111111111111000000111111110011111111111111100000111100000011111111111111111111
0111000011111100001111110000111111000011111111111111111111111111000111111100001111110000111111000011
0000011000000001110000001111000001111100000111111000011011110001101111001111111101111111111111000011
0000011000000001100000001111000001111100000111110000011111100011101111001111111101111111111111000011
0000111100001111111111111111111111100000111111000001111111110000111111000000011101111011111111111111
0011100000011111111011111111111111100111111110011111111111111111111111111111110011111000001111100000
0000110000000111110000111111110111000111111100001111100000111110000011111100001101111011110011111110
0000000001000000011100000001110000000111000000011100000001110000000111000000011111111111110111111111
0011100000011111111011111111111111100111111110011111111111111111111111111111110011111000001111100000
0011111110111111111111111111111111000000111111110011111111111111100000111100000011111111111111111111
0011111111011111111111111111110000111000000011100000001110000000111000000011100000001110000000111000
0011110000111111111011111111111111000111111111111111111111111111111111111100001111110001111111111111
0111111111011111111111111111111111100000111111111011111111101111100000111110000011111111110111111111
0000110000001111110001111111101110000110111000011111100001111110000110011110111000111111000000111111
0011111110011111111111111111110000011111000001111000001111000001111000001111000001111111111111111111
0010000000011110000011111000001111100000111110000011111000001111100000111110000011111111111111111111
0000001110000011111100111111110111100000011100000011110000001111000000011110000001111111110001111111
0000011000000001100000001111000001111100000111111000011011110011101111001111111101111111111111000011
0111000011111100001111110000111111000011111100001111110000111111000011111100011111111001110111111111
0100000001111000001111111000111111100011111111101111111111111111011111111100111111110001111111000011
0111111111111111111101111111110000111000000011100000001110000000111000000011100000001110000000111000
0111111111111111111111111111111111100000111111111111111111111111111110111110000011111000001111111111
0000111110000111111100111111110111000000111100000011110011111111001111011100001101111000110011111111
0001111000001111111001110011101110000111111000011111100001111110000110011100111000111111000001111111
1111111111111111111111111111110000111100000011110000001111000000111100000011110000001111000000111100
1111000000111100000011110000001111000000111100000011110000001111000000111100000011111111101111111111
0110000011011100001101110000110111000011011111111101111111110111111111011100001101110000110111000011
0111111100111111111111111111111111000111111111111111111111111111111110111101111111110011111111000111
0111111111111111111101111111110000011111000001111000001111000000111000000111000001111100000111111111
1111111111111111111111111111111111000000111111111111111111111111111110111100000011110000001111000000
0000011000000001110000000111000000111100000111111000011111110001100111001111111101111111111111000011
1111111111111111111111111111110000111000000011100000001110000000111000000011100000001110000000111000
0001111100001111111001111111111111000011111100001111100000111110000011111100001101110011110011111111
0111111100011111111111111111111111100111111110011111111111111111111111111110000011111000001111100000
0001111110011111111111111111111111000000111111100000111111110001111111000000111100100011111111111111
0110000001111100001111110000111111000011111111111111111111111111111111111100001111110000111111000011
0110000001111100001101111001110011111111000111111000001111000001111100001111111101111011111111100111
0111111111011111111111111111111111100000111111111011111111111111111110111110000011111000001111100000
0000000001111000001111110001111111100111111111111111111111111111111111111100111111110001111111000111
0000111100000111111100111111110111000000111100000011110011111111001111011100001101111000110011111111
0110000001111100001111110001111111000111111100011111110001111111000111111100011111110001110111111111
0000010000000001100000001111000001111100000111111000011111100011101111001111111101111111111111000011
0111000001011100011101111001110011111111000111110000001110000000111100001111111001111001111111000111
0111111111111111111111111111111111000000111111111011111111111111111110111100000011111000001111111111
0000010000000001100000001111000001111100000111110000011111100011101110011111111101111111111111000011
0000011000000001110000001111000000111100000111111000011111110001101111001111111101111111111111000011
0110000001111100001101111001110011110111000111111000001111000000111100000011110000001111000000111100
0111111100111111111111111111111111000011111100001111111111111111111111111111100011110000001111000000
0000111000000111111000111111110111000111011100001111110000111111000011011100001101111001110011111110
0011000010001100011000111001100011101111001110111101111111110111111111011011111111101111111110011001
0111000001011100001111110000111111000011111111111111111111111111111111111100001111110000111111000011
0110000001111100001101111001110011101111000111111000011111000000111100000011110000001111000000111100
0000111100000111111000111111110111000011111100001111110000111111000011111100001101110001110011111111
1110000001111100001111110001110111101111000111111000001111000000111000000011100000001110000000111000
0110000001111100001101110001110011110111000111111100001111000000111100000011110000001111000000111100
0111000000011110000011111000001111100000111110000011111000001111100000111110000011111000001111111111
0111110000111111110011111111111111000111111100011111110001111111000111111100011111110011111111111110
0110000001111100011101111001110011111110000111110000001110000001111100001111111001111011111111000111
0110000000111100000011111000001111100000111110000011111000001111100000111110000011111000001111111111
0000011100000001110000001111000000111110000111111000011111110001100111001111111101111111110111000011
0010000011011100011111110011111111011110111111110011111110001111111100111111111011110011111111000111
0110000001111100001101110001110011110111000111111000001111000000111100000011100000001110000000111000
0110000001111100011111110001111111000111111100011111110001111111000111111100011111110001110111111111
0111111111111111111111111111110000001111000001111100001111100001111100001111100001111100001111111111
0011000000011110000011111000001111100000111110000011111000001111100000111110000011111000001111111111
0011111000011111111011111111111111101111111111111111111111111111111111111110011111111001111111111111
0000111110001111111111111111111111100000111111100000111111110001111111000000011100000001110111111111
0010000011011100011111110011111111011110111111110011111110001111111100111111111011110011111111000111
0000000010000000111100000011110000001111000000111100000011110000001111000000111111111111111111111110
0111000011011100011101111001110001111110000111111000001111000001111100000111111000111011111111000111
0010000010001100011000111011100011101110011110111101111111110111111111111111111111101110111110011011
0111000011111100001111110000111111000011111100001111110000111111000011111100001101111111110011111111
1111000011111100011111110001111111000111111100011111110001111111000111111100011111111111110111111111
0000011100000011111100111111110111100000011100000011110011111111001111011100001100111101110011111111
0000110000001111110001111111101110000110111000011111100001111110000110011111111000111111000000011111
0111111111111111111111111111110000111100000011110000001111000000111100000011110000001111000000111100
0011110000111111111011111111111111000111111100111111111111111111111110111111111011110011111111000111
0000011100000111111111111111111111111111111111111111111111111111111111111111111111111111111111111111
0001000010001110001000111001110011101111001110111100111111110111111111011111111101100111011110011001
0000011000000001110000001111000001111100000111111000011111100011101111001111111101111111111111000011
0000011100000011111100111111110111000000011100000011110011111111001111011100001101111101110011111111
0000011111000111111111111111111111111111111111111111111111111111111111111111111111111111111111111111
0110000011111100001111111000111111110011111111101111111111111111011111111100111111110001111111000011
0011111111011111111111111111111111100000111111111011111111111111111111111110000011111000001111111111
0011110000111111111011111111111111000111111111111111111111111111111111111100001111110001111111111111
1110000011111100011111110001111111000111111111111111111111111111111111111100011111110001111111000111
1111111111111111111111111111111111000000111111111111111111111111111110111100000011110000001111000000
1100000001111000001111111000111111100011111111101111111111111111011111111100111111110001111111000011
1100010001110001001111001100110110111011011011101101111111110111111110001110111000111011100011001100
0111111111111111111111111111111111100000111111111011111111101111111100111110000011111000001111100000
0111000011011100001100111001110001111111000011110000001111000000111100000111111101111001111111000111
1110000011111100001111110001111111000111111111111111111111111111111111111100011111110001111111000111
0111111000111111111011111111111111000111111100011111110001111111000111111100011111110111111111111110
0111111100111111111111111111111111100111111110111111111111111111111111111110000011111000001111000000
1111111110111111111111111111111111000111111111111111111111111111101111111100001111110001111111111111
0111111100111111111011111111111111101111111111111111111111111111101111111110011111111011111111111111
1111111110111111111111111111111111000111111111111111111111111111001111111100001111110001111111111111
1111111111111111111111111111110000111100000011110000001111000000111100000011110000001111000000111000
0110000011111100011111110001111111110111111111111111111111111111111111111100111111110001111111000011
1110000011111100001111110000110111100111001110111100011111100001111110000111110000011111000000111100
0000001000000111111101111111111111100000111111000001111111100000111111000000011100110011111111111111
0111000111111100011111110011111111011110111111100011111111001111111100111101111011110001111111000111
1110000011111100011111110001111111000111111111111111111111111111111111111100011111110001111111000111
1111111111111111111111111111111111111111111111111111111111111111111111111111111111111111111111111111
0001111111000111111111111111111111111111111111111111111111111111111111111111111111111111111111111111
0111000011111100001111110000111111000011111111111111111111111111111111111100001111110000111111000011
0111111000111111111011111111111111000111111100011111110000111111000111111100011111110011111111111110
1111111111111111111111111111111111000000111111111011111111101111111100111100000011110000001111111111
0001111111011111111111111111111111100000011111100000111111110001111111000000011100100011111111111111
0001111000001111110001110011100110000110111000011011100001100110000110011100111000111111000001111111
0111111111011111111111111111111111100000111111111011111111111111111110111110000011111000001111100000
1110000011111100011111110001111111000111111100011111110001111111000111111100011111110001110111111111
0001000010001100001000111001110011100111001110111100111111110111111111011011111101100111011110011001
1110000011111100011111110001110111101111000111111000001111000000111000000011100000001110000000111000
0111111111011111111111111111111111100000111111111011111111101111111100111110000011111000001111111111
0111111100111111111011111111111111000111111111111111111111101111111110111101111011110011111111000111
0110000001011100001111110000111111110011111111101111111111111111011111111100111111110001111111000011
0001111111001111111111111111111111100000011111100000111111110000111111000000011100110001111111111111
1110000001111100001101111011110011111111000111111000011111000001111110001111111101111011111111000111
0011111000011111111011111111111111000111111100111111111111101111111100111101111011110011111111000111
0111111000111111111011111111111111100111111110011111111111111111111111111111100011111000001111100000
0111111100111111111111111111111111000111111111111111111111111111111111111100001111110001111111111111
0111111111111111111111111111110000001111000001111100001111100001111100001111100001111100001111111111
0000000001111000001111110001111111100111111111111111111111111111111111111100111111110001111111000111
0010000001011100001111110000111111000011111111111111111111111111111111111100001111110000111111000011
0001111110001111111111111111111111100000111111100000111111110001111111000000111100000001111111111111
0111110000111111110011111111111111000111111100011111110001111111000111111100011111110011111111111110
0001111110001111111101111111111111100000011111100000111111110001111111000000011100000001110111111111
0111000000111100000011111000001111100000111110000011111000001111100000111110000011111000001111111111
0110000001111100001111110000111111000011111111111111111111111111111111111100001111110000111111000011
0000111000001111110001111111111111000111111000001111100000111110000011111100001101110001110011111111
0000000001011100001111110000111111110011111111101111111111111111011111111100111111110001111111000011
0111111000111111111011111111111111001111111111111111111111111111111111111100011111110011111111111111
0001111110011111111111111111111111000000111111000001111111110001111111000000111100000011111111111111
0001111110001111111111111111111111100000011111100000111111110001111111000000011100000001110111111111
0001111110011111111111111111111111000000111111000001111111110001111111000000111100000011111111111111
0011111111111111111111111111111111000000111111111011111111111111111110111100000011110000001111111111
1111000011111100001111110000111111000011111111111111111111111111000011111100001111110000111111000011
0100000000111100001111111001110011111111000111111000001111000001111100001111111001111011111111100111
0000011000000001100000001111000001111100000111110000011111100011101111011111111101111111111111000011
0000011111000111111111111111111111111111111111111111111111111111111111111111111111111111111111111111
0011111111111111111111111111110000011111000001111000001111000001111000001111000001111000001111111111
0000111111111111111111111111111111111111111111111111111111111111111111111111111111111111111111111111
0110000011111100001111110000111111000011111111111111111111111111000011111100001111110000111111000011
0000011100000001110000001111000000111110000111111000011111110001100111001111111101111111110111000011
0110000011011100001101110000110111000011011111111111111111110111000011011100001101110000110111000011
0000111000000111110000111111110111000111111100001111110000111111000011111100001101111111110011111110
0011111111111111111111111111111111100000111111111011111111111111111111111110000011111000001111111111
0000111110001111111101111111111111100000011111100000111111110000011111000000011101111111110111111111
0000110000001111110001111011101110000110111000011111100001111110000110011111111000111111000000011111
0111111111111111111111111111111111000000111111111011111111111111111111111100000011110000001111000000
0011111111011111111111111111111111100000111111111011111111111111111111111110000011111000001111111111
0011111111111111111111111111111111000000111111111011111111111111111111111100000011110000001111000000
0000000110000011111100011111110111110000011110000011110000001111000000011110000000111110110001111111
1100010001110011001111001100110110111011011011101101111111110111111110001110111000111011100011001110
1111111111111111111111111111110000011111000011111000011111000011111000011111000011111111111111111111
1111111111111111111111111111111111111111111111111111111111111111111111111111111111111111111111111111
0010000010001100011000111001100011101111001110111101111011110111111111011111111111101111111110011011
1110000011111100001101110000110111100111001110111100011111100001111110000111110000011111000000111100
0111111000111111111011111111111111000111111100011111110001111111000111111100011111111111111111111110
0000001110000011111100011111110111110000011100000011110000001111000000011110000001111110110001111111
0000000111000000011100000011110000001111000000111100000011110000001111000000111111111111111111111111
0110000011111100001101111000110111100111001110011100011111100001111110000111110000001111000000111100
0000011100000111111101111111111111100000111111000001111111110000111111000000011101110011110111111111
0000011100001111111111111111111111100000111111000001111111100000111111000000011101110011111111111111
0001111111111111111111111111111111111111111111111111111111111111111111111111111111111111111111111111
0010000010001100011000111001100011101111001110111101111011110111111111011111111111101111111110011011
0000001100000011111000111111110111100000011100000011110011111111001111011100001101111100110011111111
0111111100111111111111111111111111000111111111111111111111101111111110111101111111110011111111000111
1100010001110001000101101110110110111011011011101101111111110011101110001110111000111011100011000110
0111000000111100000011111000001111100000111110000011111000001111100000111110000011111000001111111111
0000010000000011100000001111000000111100000111110000111111100011101110001111111101111111110111000011
0001111111111111111111111111111111111111111111111111111111111111111111111111111111111111111111111111
1111111111111111111111111111111111111111111111111111111111111111111111111111111111111111111111111111
1111111100111111111011111111111111000111111111111111111111111111111110111101111111110011111111000111
0111111111111111111101111111110000011110000001110000001110000001111000001111000001111000001111111111
0001111000001111111001110011101110000111111000011111100001111110000110011100111000111111000001111111
0001111000001111110001110011100110000110111000011011100001100110000110011100111000111111000000111111
0111000011111100001111110000111111000011111111111111111111111111111111111100001111110000111111000011
1110000001111100001101111011110011111111000111111000011111000001111110001111111101111011111111000111
1111111000111111110011111111111111000111111100011111110001111111000111111100011111110111111111111110
0111111111111111111101111111110000011111000001111000001111000000111000000111000001111100000111111111
0000111100001111111000111111110111000011111100001111110000111111000011011100001101111001110011111111
1111111111111111111111111111110000011111000011111000011111000001111100001111100001111100001111111111
0001111100001111111001110011100110000011111000001111100000110110000111011110111000111111100001111111
0111111111111111111101111111110000111000000011100000001110000000111000000011100000001110000000111000
0111111100011111111011111111111111000111111101111111111111101111111100111101111011110001111111000111
0100000001110001000111101110110110111011011011101101111111110111111110001110111000111011100011000110
0000111111000111111100111111110111100000111100000011110000001111000000111100000001111100110011111111
0000011000000001110000001111000000111100000111111000011111110001101111001111111101111111111111000011
0111000001011100001101111001110011111111000011111000001111000000111100000111111000111001111111000111
0111111111111111111111111111111111100000111111111011111111111111111110111110000011111000001111111111
0111111111111111111111111111110000011111000001111000001111000001111000001111000001111000001111111111
0111111000111111111011111111111111001111111100111111111111111111111110111101111011110011111111000111
0000111100000111111100111111110111000000111100000011110011111111001111011100001101111000110011111111
0110000001111100001111110000111111000011111111111111111111111111111111111100001111110000111111000011
0000010000000001100000001111000001111100000111111000011111100011101111001111111101111111111111000011
0000111111111111111111111111111111111111111111111111111111111111111111111111111111111111111111111111
0111111111011111111101111111110000011111000001111000001111000000111000000111000000111100000111111111
0000000001011100001111110000111111110011111111101111111111111111011111111100111111110001111111000011
0111111111111111111111111111111111100000111111111011111111111111111110111110000011111000001111111111
0000011111000011111100111111110111100000111100000011110000001111000000111100000001111100110011111111
0001111110001111111111111111111111100000011111100000111111110001111111000000011100100001111111111111
0111111111111111111111111111111111000000111111111011111111111111111110111100000011110000001111111111
0011111000011111111011111111110111100111011111111111111111110111111111011110001101111001111111111111
0011111000111111111011111111111111100111111110111111111111111111111110111111111011111011111111100111
0010000001011100001111110000111111000011111111111111111111111111111111111100001111110000111111000011
0011111111011111111111111111111111100000111111111011111111111111111110111110000011111000001111100000
0000111000000111110000111111110111000111111100001111100000111110000011111100001101110001110011111111
0111111111111111111111111111110000111000000011100000001110000000111000000011100000001110000000111000
0000011100000111111100111111110111100000111100000011100001111110000111111100001101111111110001111111
0111000011111100001111111000111111110011111111101111111111111111011111111100111111110001111111000011
0000011111000111111111111111111111111111111111111111111111111111111111111111111111111111111111111111
0111111111111111111111111111110000111100000011110000001111000000111100000011110000001111000000111100
0000111110001111111101111111111111100000011111100000111111110000011111000000011101111111110111111111
0011111111111111111111111111111111100000111111111011111111111111111110111110000011111000001111111111
0011111000011111110011111111111111000111111100111111111111101111111100111101111011110011111111000111
0011111111111111111111111111111111100000111111111011111111111111111110111110000011111000001111111111
0000111000000111111000111111110111000111011100001111110000111111000011011100001101110001110011111111
0010000000011100001101110000110111100011001110011100011111110001111111000111111000001111000000111100
0011111111111111111111111111110000011111000001111000001111000000111000001111000001111000001111111111
0011000010001100011100111001110011100111011110011101111011110111111111011111111111101110011110011001
1100010001110011001111001100110110111011011011101101111111110111111110001110111000111011100011001100
0010000000111000001111110000110111100111001110011100011111110001111110000111111000001111000000111100
1100010001110011001111101100110110111011011011101101111111110111101110001110111000111011100011001100
0000110000001111110001111111101110000110111000011111100001111110000110011110111000111111000000111111
0011100000111111100011111111111111000111111100011111110001111111000111111100011111110011111111111110
1111000011111100001111110001111111000111111100011111110001111111000111111100011111111011110111111111
0000011100111111111111111111111111111111111111111111111111111111111111111111111111111111111111111111
1111000011111100001111110000111111000011111111111111111111111111000111111100001111110000111111000011
1100010001110001000101101110110110111011011011101101111111110011101110001110111000111011100011000110
0000110000001111110001111011101110000111111000001111100001111110000111011110111000111111000000011111
0011111111111111111111111111110000111100000011110000001111000000111100000011110000001111000000111100
0000111110000111111101111111111111100000011111100000111111110000011111000000011101111111110111111111
0011110000111111110011111111111111001111111111111111111111111111111111111100011111110001111111111111
0000011100111111111111111111111111111111111111111111111111111111111111111111111111111111111111111111
0011000010001100011000111001100011101111001110111101111111110111111111011111111101101111111110011001
0010000000011100000011111000001111100000111110000011111000001111100000111110000011111111111111111111
1111111111111111111101111111110000111100000011110000001111000000111100000011110000001111000000111100
1111111000111111111011111111111111000111111100001111110000111111000011111100011111110111111111111110
1111111111111111111101111111110000111100000011110000001111000000111100000011110000001111000000111100
0001111100001111111001111111110111000011111100001111100000111111000011111100001101111011110011111111
0110000011111100001111110001111111110111111111111111111111111111111111111100111111110001111111000011
0111111111111111111101111111110000011110000011110000011110000001111000001111000001111100001111111111
0000111111000111111101111111111111000000111100000011110000001111000000111100000001111100110011111111
1110000001111100001101111011110011111111000111111000001111000001111110001111111101111011111111000111
0111000011011100011101111001110011111110000011110000001111000001111100001111111001111001111111000111
1111111100111111111011111111111111001111111111111111111111101111111100111101111011110011111111000111
0000111111000111111100111111110111100000111100000011110001111111000111111100001101111000110001111111
0111111111111111111111111111111111100000111111111111111111111111111100111110000011111000001111111111
0111000000111100000011111000001111100000111110000011111000001111100000111110000011111111111111111111
1110000111111100011111110111111111011110111111100011111111001111111100111111111111110011111111000111
0110000011011100001111110000111111000011111111111111111111111111111111111100001111110000111111000011
0111111111011111111111111111111111100000111111111111111111111111111100111110000011111000001111100000
0001111000001111110011100011101110000110111000011011100001101110001110011100111000111111000001111111
0001111000001111110001110011101110000110111000011011100001101110000110011100111000111111000001111111
0000000001111100001111110000111111110011111111101111111111111111111111111100111111110001111111000011
0111111111111111111111111111111111000000111111111011111111111111111110111100000011111000001111111111
0111000011111100011111111011111111111111111111110011111111001111111110111111111111111011111111100111
0001111110001111111111111111111111100000111111100000111111110001111111000000011100100001111111111111
0110000011111000001111110000110111100111001110111100011111100001111110000111110000011111000000111100
0011000010001100011000111011100011101111001110111101111111110111111111011011111111101110111110011001
0000111100000111111000111111110111000111011100001111110000110111000011011100001101111001110011111110
0111111111011111111101111111110000111000000011100000001110000000111000000011100000001110000000111000
0111111111111111111111111111111111100000111111111011111111101111111110111110000011111000001111100000
0000010000000001100000001111000001111100000111110000011111100011101110011111111101111111111110000011
0111000000111110000011111000001111100000111110000011111000001111100000111110000011111000001111111111
0000010000000001100000001111000001111100000111110000111111100011101110011111111111111111111110000011
0000011000000001110000000111000000111100000111111000011111110001100111001111111101111111111111000011
0111111111111111111111111111111111000000111111111011111111111111111110111100000011111000001111111111
0100000001110001000101100110010110111011011011101100111111110011111111001110111000111011100001000110
0111111100111111111111111111111111000111111111111111111111111111111111111100001111110001111111111111
0011000010011100011101111011110111101111011111111101111111110111111011111100001111110000111110000011
0111111111111111111100001111000000111100000011110000001111000000111100000011110000001111000111111111
0110000001111100001111111000111111110011111111101111111110111111011111111100111111110001111111000111
0001110000111111111011110001111111000011111100001111110000111111000011111100001111110001111111111111
0011111111111111111111110000001111000000111100000011111111111111111110111100000011110000001111000000
0110000001111100001111110000111111000011111100001111110000111111000011111100001111110000110111111111
0110000000111100000011110000001111000000111100000011110000001111000000111100000011110000001111111111
0110000000111100000011110000001111000000111100000011110000001111000000111100000011110000001111111111
0110000001111100001111111000111111110011111111101111111110111111011111111100111111110001111111000111
0111111111111111111111110000001111000000111100000011111111111111111110111100000011110000001111111111
0000111100001111111101111000110111000000011111000000011111100000011111000000011100000000110111111111
0000111110001111111101111000110111000000011111000000011111100000011111000000011100000001110111111111
0111111111111111111100001111000000111100000011110000001111000000111100000011110000001111000111111111
0000111111001111111101111000001111000000111100000011110000011111000011011100001101111100110001111111
0011111111111111111100001111000000111100000011110000001111000000111100000011110000001111000111111111
1111000001111100001111111000111111111011111111101111110111111111001111111100011111110001111111000111
0011111111111111111111110000001111000000111100000011111111111111111110111100000011110000001111111111
0011110000111111111111110001111111000111111100011111111111111111111110111100111011110001111111000111
0011111111111111111111110000001111000000111100000011111111111111111110111100000011110000001111111111
0000011000011111111111111000111111000000111110000000111111100000011111000000011100000000111111111111
0111111111111111111100001110000000111000000011100000001110000000111000000011100000001110000000111000
0111111111111111111100001111000000111100000011110000001111000000111100000011110000001111000111111111
0110000001111100001111111000111111110011111111101111111110111111011111111100111111110001111111000111
0000011110000111111100111000110111000000111000000011100000111110000011111000001101111000110011111111
0000111100001111111101111000111111000000011111000000111111100000011111000000011100000000111111111111
0111111111111111111100001110000000111000000011100000001110000000111000000011100000001110000000111000
0111111100111111111111110001111111000111111100011111111111111111111110111100011111110001111111000011
0011111111111111111111110000001111000000111100000011111111111111111110111100000011110000001111111111
0000011000011111111111110000001111000000111110000000111111100000011111000000011100000000111111111111
0000011100001111111101111000110111000000011111000000011111100000011111000000011100000001110111111111
0000001110000111111100111100010111100000011100000011110000000111000000011110000000111000000001111111
0000010000000011110000001111000001111100001110111000110011110011000111011111111101111111111110000011
1111000000111100000011110000001111000000111100000011110000001111000000111100000011110000001111111111
0010000010001100011101111011110111111111011111111101111111110111111011011000001101100000111110000011
0111111111111111111100000111000000011100000001110000000111000000011100000001110000000111000000011100
0011111111111111111111110000001111000000111100000011111111111111111110111100000011110000001111111111
1111000011111100001111111000111111110011111111101111111110111111011111111100111111110001111111000111
0000011000011111111111111000001111000000111110000000111111100000011111000000011100000000111111111111
0111111111111111111100001111000000111100000011110000001111000000111100000011110000001111000111111111
0000011000001111111000110001110111000011111000001111100000111110000011011100001101110000110011111111
0110000001111100001111111000111111110011111111101111111110111111011111111100111111110001111111000111
0111111111111111111111111000001111000000111110000011111111111111111110111100000011110000001111111111
0000010000000011110000001111000001111100001110111000110011110011000111011111111101111111111110000011
0000011000011111111111110000001111000000111110000000111111100000011111000000011100000000111111111111
0100000001111100001101110001110011100111001111111000011111000000111100000011100000001110000000111000